1 
2 
3 
5 
6 
7 
8 
9 
10 
11 
13 
14 
22 
24 
25 
26 
27 
29 
30 
36 
37 
44 
47 
48 
54 
55 
56 
57 
64 
65 
66 
67 
68 
69 
70 
71 
72 
73 
74 
76 
80 
81 
82 
83 
84 
86 
87 
94 
95 
96 
98 
99 
100 
103 
106 
108 
109 
110 
111 
116 
117 
118 
120 
125 
127 
129 
133 
135 
136 
139 
144 
148 
151 
152 
154 
155 
156 
157 
160 
163 
164 
166 
167 
168 
169 
171 
173 
174 
175 
176 
177 
178 
181 
182 
183 
184 
185 
186 
187 
189 
190 
191 
193 
194 
197 
198 
199 
200 
202 
203 
204 
206 
212 
213 
214 
216 
217 
218 
219 
220 
221 
222 
224 
225 
226 
228 
229 
230 
231 
232 
244 
245 
246 
247 
248 
249 
250 
251 
252 
253 
254 
255 
256 
257 
259 
260 
261 
263 
264 
265 
270 
271 
272 
273 
274 
276 
277 
283 
284 
285 
286 
287 
289 
296 
301 
302 
303 
304 
305 
306 
307 
313 
314 
315 
316 
317 
318 
320 
322 
323 
324 
325 
326 
328 
329 
331 
332 
333 
335 
336 
340 
341 
342 
344 
345 
346 
347 
349 
350 
353 
354 
356 
357 
358 
359 
361 
365 
366 
369 
370 
371 
373 
374 
375 
376 
378 
379 
381 
385 
386 
388 
389 
392 
393 
394 
395 
396 
398 
399 
401 
402 
404 
416 
417 
418 
420 
421 
422 
423 
424 
425 
426 
427 
428 
429 
432 
433 
434 
436 
437 
441 
444 
449 
450 
453 
454 
455 
459 
460 
461 
462 
464 
466 
468 
471 
472 
473 
474 
475 
477 
481 
482 
484 
493 
494 
495 
496 
497 
498 
499 
500 
505 
506 
508 
510 
511 
512 
516 
519 
520 
521 
522 
523 
524 
525 
528 
529 
530 
531 
532 
534 
535 
536 
537 
538 
542 
547 
548 
549 
550 
551 
554 
556 
557 
560 
563 
564 
565 
567 
572 
573 
575 
578 
580 
581 
599 
601 
611 
612 
621 
622 
628 329 
628 445 
628 671 
628 97 
629 329 
629 445 
629 671 
629 97 
631 329 
631 445 
631 671 
631 97 
632 329 
632 445 
632 671 
632 97 
633 329 
633 445 
633 671 
633 97 
634 329 
634 445 
634 671 
634 97 
635 329 
635 445 
635 671 
635 97 
636 329 
636 445 
636 671 
636 97 
641 329 
641 445 
641 671 
641 97 
642 329 
642 445 
642 671 
642 97 
643 329 
643 445 
643 671 
643 97 
644 329 
644 445 
644 671 
644 97 
645 329 
645 445 
645 671 
645 97 
648 329 
648 445 
648 671 
648 97 
650 329 
650 445 
650 671 
650 97 
655 329 
655 445 
655 671 
655 97 
657 329 
657 445 
657 671 
657 97 
659 329 
659 445 
659 671 
659 97 
660 329 
660 445 
660 671 
660 97 
661 329 
661 445 
661 671 
661 97 
663 329 
663 445 
663 671 
663 97 
664 329 
664 445 
664 671 
664 97 
666 329 
666 445 
666 671 
666 97 
667 329 
667 445 
667 671 
667 97 
668 329 
668 445 
668 671 
668 97 
669 329 
669 445 
669 671 
669 97 
670 329 
670 445 
670 671 
670 97 
671 329 
671 445 
671 671 
671 97 
672 1336 
672 329 
672 671 
673 978 979 977 1324 1325 
676 329 
676 445 
676 671 
676 97 
677 329 
677 445 
677 671 
677 97 
678 329 
678 445 
678 671 
678 97 
679 142 
680 1227 420 933 934 
682 329 
682 445 
682 671 
682 97 
684 329 
684 445 
684 671 
684 97 
685 329 
685 445 
685 671 
685 97 
686 329 
686 445 
686 671 
686 97 
687 329 
687 445 
687 671 
687 97 
688 329 
688 445 
688 671 
688 97 
689 329 
689 445 
689 671 
689 97 
690 329 
690 445 
690 671 
690 97 
691 
692 
693 329 
693 445 
693 671 
693 97 
694 329 
694 445 
694 671 
694 97 
695 329 
695 445 
695 671 
695 97 
696 329 
696 445 
696 671 
696 97 
697 329 
697 445 
697 671 
697 97 
698 329 
698 445 
698 671 
698 97 
700 329 
700 445 
700 671 
700 97 
701 329 
701 445 
701 671 
701 97 
702 329 
702 445 
702 671 
702 97 
704 329 
704 445 
704 671 
704 97 
705 329 
705 445 
705 671 
705 97 
709 329 
709 445 
709 671 
709 97 
711 1227 420 933 934 
712 1227 420 933 934 
713 329 
713 445 
713 671 
713 97 
714 329 
714 445 
714 671 
714 97 
716 329 
716 445 
716 671 
716 97 
718 329 
718 445 
718 671 
718 97 
719 329 
719 445 
719 671 
719 97 
721 978 979 977 1324 1325 
723 329 
723 445 
723 671 
723 97 
724 329 
724 445 
724 671 
724 97 
725 329 
725 445 
725 671 
725 97 
726 329 
726 445 
726 671 
726 97 
727 329 
727 445 
727 671 
727 97 
728 978 979 977 1324 1325 
729 978 979 977 1324 1325 
732 
733 376 420 933 934 
735 329 
735 445 
735 671 
735 97 
736 329 
736 445 
736 671 
736 97 
738 329 
738 445 
738 671 
738 97 
739 329 
739 445 
739 671 
739 97 
740 329 
740 445 
740 671 
740 97 
741 329 
741 445 
741 671 
741 97 
742 329 
742 445 
742 671 
742 97 
743 329 
743 445 
743 671 
743 97 
745 329 
745 445 
745 671 
745 97 
746 329 
746 445 
746 671 
746 97 
747 142 
748 329 
748 445 
748 671 
748 97 
749 329 
749 445 
749 671 
749 97 
750 329 
750 445 
750 671 
750 97 
752 329 
752 445 
752 671 
752 97 
753 329 
753 445 
753 671 
753 97 
754 142 
755 329 
755 445 
755 671 
755 97 
756 329 
756 445 
756 671 
756 97 
757 329 
757 445 
757 671 
757 97 
758 329 
758 445 
758 671 
758 97 
761 329 
761 445 
761 671 
761 97 
762 329 
762 445 
762 671 
762 97 
763 329 
763 445 
763 671 
763 97 
764 329 
764 445 
764 671 
764 97 
765 329 
765 445 
765 671 
765 97 
766 329 
766 445 
766 671 
766 97 
768 329 
768 445 
768 671 
768 97 
769 329 
769 445 
769 671 
769 97 
770 329 
770 445 
770 671 
770 97 
771 142 
773 329 
773 445 
773 671 
773 97 
774 978 979 977 1324 1325 
776 978 979 977 1324 1325 
780 329 
780 445 
780 671 
780 97 
781 329 
781 445 
781 671 
781 97 
782 329 
782 445 
782 671 
782 97 
783 329 
783 445 
783 671 
783 97 
784 329 
784 445 
784 671 
784 97 
785 329 
785 445 
785 671 
785 97 
786 1334 420 933 934 
787 281 420 933 934 
787 652 420 933 934 
788 
789 66 420 933 934 
790 329 
790 445 
790 671 
790 97 
791 
792 66 420 933 934 
793 941 
794 194 420 933 934 
795 
796 66 420 933 934 
806 329 
806 445 
806 671 
806 97 
807 329 
807 445 
807 671 
807 97 
808 329 
808 445 
808 671 
808 97 
809 329 
809 445 
809 671 
809 97 
810 329 
810 445 
810 671 
810 97 
811 329 
811 445 
811 671 
811 97 
812 329 
812 445 
812 671 
812 97 
813 329 
813 445 
813 671 
813 97 
814 329 
814 445 
814 671 
814 97 
815 329 
815 445 
815 671 
815 97 
816 329 
816 445 
816 671 
816 97 
817 329 
817 445 
817 671 
817 97 
818 329 
818 445 
818 671 
818 97 
819 329 
819 445 
819 671 
819 97 
820 329 
820 445 
820 671 
820 97 
822 329 
822 445 
822 671 
822 97 
823 329 
823 445 
823 671 
823 97 
824 329 
824 445 
824 671 
824 97 
825 329 
825 445 
825 671 
825 97 
826 329 
826 445 
826 671 
826 97 
827 329 
827 445 
827 671 
827 97 
828 329 
828 445 
828 671 
828 97 
829 329 
829 445 
829 671 
829 97 
830 329 
830 445 
830 671 
830 97 
831 329 
831 445 
831 671 
831 97 
832 329 
832 445 
832 671 
832 97 
834 329 
834 445 
834 671 
834 97 
835 329 
835 445 
835 671 
835 97 
836 329 
836 445 
836 671 
836 97 
837 329 
837 445 
837 671 
837 97 
838 1251 
838 329 
838 445 
838 671 
838 97 
839 329 
839 445 
839 671 
839 97 
840 329 
840 445 
840 671 
840 97 
841 329 
841 445 
841 671 
841 97 
842 329 
842 445 
842 671 
842 97 
843 329 
843 445 
843 671 
843 97 
844 329 
844 445 
844 671 
844 97 
845 329 
845 445 
845 671 
845 97 
846 329 
846 445 
846 671 
846 97 
847 329 
847 445 
847 671 
847 97 
848 329 
848 445 
848 671 
848 97 
852 329 
852 445 
852 671 
852 97 
853 329 
853 445 
853 671 
853 97 
854 329 
854 445 
854 671 
854 97 
855 329 
855 445 
855 671 
855 97 
856 329 
856 445 
856 671 
856 97 
857 142 
859 329 
859 445 
859 671 
859 97 
860 1192 
860 1367 
860 329 
860 340 
860 440 
860 445 
860 671 
860 97 
861 329 
861 445 
861 671 
861 97 
862 329 
862 445 
862 671 
862 97 
863 329 
863 445 
863 671 
863 97 
865 329 
865 445 
865 671 
865 97 
866 329 
866 445 
866 671 
866 97 
867 329 
867 445 
867 671 
867 97 
869 329 
869 445 
869 671 
869 97 
870 329 
870 445 
870 671 
870 97 
871 329 
871 445 
871 671 
871 97 
872 329 
872 445 
872 671 
872 97 
875 329 
875 445 
875 671 
875 97 
876 329 
876 445 
876 671 
876 97 
877 329 
877 445 
877 671 
877 97 
878 329 
878 445 
878 671 
878 97 
879 329 
879 445 
879 671 
879 97 
880 142 
881 329 
881 445 
881 671 
881 97 
883 978 979 977 1324 1325 
885 329 
885 445 
885 671 
885 97 
886 329 
886 445 
886 671 
886 97 
887 329 
887 445 
887 671 
887 97 
888 329 
888 445 
888 671 
888 97 
890 329 
890 445 
890 671 
890 97 
892 214 
893 214 
894 978 979 977 1324 1325 
896 329 
896 445 
896 671 
896 97 
897 329 
897 445 
897 671 
897 97 
898 329 
898 445 
898 671 
898 97 
899 329 
899 445 
899 671 
899 97 
900 329 
900 445 
900 671 
900 97 
901 329 
901 445 
901 671 
901 97 
902 329 
902 445 
902 671 
902 97 
903 329 
903 445 
903 671 
903 97 
904 329 
904 445 
904 671 
904 97 
913 329 
913 445 
913 671 
913 97 
914 329 
914 445 
914 671 
914 97 
915 329 
915 445 
915 671 
915 97 
916 329 
916 445 
916 671 
916 97 
917 329 
917 445 
917 671 
917 97 
918 329 
918 445 
918 671 
918 97 
919 329 
919 445 
919 671 
919 97 
920 329 
920 445 
920 671 
920 97 
921 329 
921 445 
921 671 
921 97 
922 329 
922 445 
922 671 
922 97 
923 329 
923 445 
923 671 
923 97 
924 329 
924 445 
924 671 
924 97 
927 329 
927 445 
927 671 
927 97 
928 329 
928 445 
928 671 
928 97 
930 329 
930 445 
930 671 
930 97 
931 329 
931 445 
931 671 
931 97 
932 329 
932 445 
932 671 
932 97 
933 329 
933 445 
933 671 
933 97 
934 329 
934 445 
934 671 
934 97 
935 329 
935 445 
935 671 
935 97 
936 329 
936 445 
936 671 
936 97 
937 1367 
938 329 
938 445 
938 671 
938 97 
939 978 979 977 1324 1325 
941 329 
941 445 
941 671 
941 97 
942 329 
942 445 
942 671 
942 97 
946 329 
946 445 
946 671 
946 97 
947 329 
947 445 
947 671 
947 97 
948 329 
948 445 
948 671 
948 97 
950 329 
950 445 
950 671 
950 97 
951 329 
951 445 
951 671 
951 97 
954 
956 329 
956 445 
956 671 
956 97 
958 329 
958 445 
958 671 
958 97 
959 329 
959 445 
959 671 
959 97 
960 329 
960 445 
960 671 
960 97 
961 329 
961 445 
961 671 
961 97 
963 329 
963 445 
963 671 
963 97 
964 329 
964 445 
964 671 
964 97 
965 329 
965 445 
965 671 
965 97 
966 329 
966 445 
966 671 
966 97 
967 329 
967 445 
967 671 
967 97 
968 329 
968 445 
968 671 
968 97 
970 329 
970 445 
970 671 
970 97 
971 329 
971 445 
971 671 
971 97 
972 329 
972 445 
972 671 
972 97 
973 329 
973 445 
973 671 
973 97 
974 329 
974 445 
974 671 
974 97 
975 329 
975 445 
975 671 
975 97 
977 329 
977 445 
977 671 
977 97 
980 1367 
981 329 
981 445 
981 671 
981 97 
982 329 
982 445 
982 671 
982 97 
990 329 
990 445 
990 671 
990 97 
991 329 
991 445 
991 671 
991 97 
992 329 
992 445 
992 671 
992 97 
993 329 
993 445 
993 671 
993 97 
994 329 
994 445 
994 671 
994 97 
995 329 
995 445 
995 671 
995 97 
996 329 
996 445 
996 671 
996 97 
997 329 
997 445 
997 671 
997 97 
998 329 
998 445 
998 671 
998 97 
999 329 
999 445 
999 671 
999 97 
1000 329 
1000 445 
1000 671 
1000 97 
1001 329 
1001 445 
1001 671 
1001 97 
1004 329 
1004 445 
1004 671 
1004 97 
1005 329 
1005 445 
1005 671 
1005 97 
1006 329 
1006 445 
1006 671 
1006 97 
1008 329 
1008 445 
1008 671 
1008 97 
1010 329 
1010 445 
1010 671 
1010 97 
1011 329 
1011 445 
1011 671 
1011 97 
1012 329 
1012 445 
1012 671 
1012 97 
1013 329 
1013 445 
1013 671 
1013 97 
1014 329 
1014 445 
1014 671 
1014 97 
1015 329 
1015 445 
1015 671 
1015 97 
1016 329 
1016 445 
1016 671 
1016 97 
1018 329 
1018 445 
1018 671 
1018 97 
1019 329 
1019 445 
1019 671 
1019 97 
1020 329 
1020 445 
1020 671 
1020 97 
1022 329 
1022 445 
1022 671 
1022 97 
1023 329 
1023 445 
1023 671 
1023 97 
1024 329 
1024 445 
1024 671 
1024 97 
1025 329 
1025 445 
1025 671 
1025 97 
1026 329 
1026 445 
1026 671 
1026 97 
1027 329 
1027 445 
1027 671 
1027 97 
1029 329 
1029 445 
1029 671 
1029 97 
1030 329 
1030 445 
1030 671 
1030 97 
1031 329 
1031 445 
1031 671 
1031 97 
1032 329 
1032 445 
1032 671 
1032 97 
1033 329 
1033 445 
1033 671 
1033 97 
1034 329 
1034 445 
1034 671 
1034 97 
1035 329 
1035 445 
1035 671 
1035 97 
1036 142 
1037 329 
1037 445 
1037 671 
1037 97 
1040 329 
1040 445 
1040 671 
1040 97 
1041 329 
1041 445 
1041 671 
1041 97 
1042 329 
1042 445 
1042 671 
1042 97 
1043 329 
1043 445 
1043 671 
1043 97 
1044 329 
1044 445 
1044 671 
1044 97 
1045 329 
1045 445 
1045 671 
1045 97 
1047 
1048 
1049 
1050 
1051 
1052 
1053 
1054 
1055 
1059 1249 1248 1247 1250 
1060 1251 
1061 
1062 1305 
1063 1305 
1064 1305 
1065 1305 
1066 880 
1067 880 
1068 880 
1069 880 
1070 880 
1071 880 
1072 880 
1073 880 
1074 880 
1075 880 
1076 880 
1077 880 
1078 880 
1079 880 
1080 880 
1081 880 
1082 880 
1083 880 
1084 880 
1085 880 
1086 880 
1099 
1102 1305 
1104 1305 
1105 1305 
1106 1305 
1109 443 414 415 416 417 
1115 449 
1121 
1122 413 414 415 416 417 
1123 1326 
1125 
1129 1071 
1134 822 
1137 674 
1139 1367 
1140 
1142 
1144 233 744 745 
1144 746 375 744 745 
1146 567 568 569 744 745 
1148 746 754 744 745 
1150 984 
1152 494 
1152 811 
1159 
1160 1259 
1162 1114 
1162 1124 
1164 738 
1164 740 
1164 921 
1166 540 538 72 
1169 1294 
1169 755 
1169 877 
1170 156 
1171 1294 
1171 755 
1171 877 
1172 
1173 156 
1175 156 
1176 187 188 189 190 
1180 815 
1182 1060 1059 1058 1057 1056 
1182 484 483 482 481 480 
1185 1034 1035 1037 1039 1036 
1186 
1186 1303 
1189 4 
1191 176 
1192 1270 1271 1269 
1193 228 526 
1195 228 526 
1203 69 67 68 
1204 1367 
1205 
1207 1125 744 745 
1207 842 744 745 
1210 587 586 1355 
1212 883 
1213 493 
1214 1275 
1215 914 
1217 506 
1220 307 304 305 308 306 
1220 719 716 715 717 
1222 907 
1228 744 745 1299 1298 1297 
1229 919 
1231 
1233 467 
1235 1050 
1239 227 226 225 224 
1241 1055 
1243 1280 
1243 1286 
1244 
1244 1265 
1250 1137 1138 1139 1132 1133 1134 1135 1136 
1250 1137 1138 1139 1132 1133 1134 1135 1136 1140 
1253 1303 
1267 
1270 129 130 131 
1270 336 333 334 
1273 674 
1284 403 
1287 1284 
1291 974 
1295 540 538 72 
1298 540 538 72 
1302 1040 
1303 1203 
1303 259 
1306 942 
1313 1060 1059 1058 1057 1056 
1318 637 638 639 640 
1320 108 
1320 563 
1324 745 
1336 
1340 207 
1345 
1346 
1347 
1348 
1349 
1350 
1351 
1352 280 
1352 418 
1353 280 
1353 418 
1354 280 
1354 418 
1355 280 
1355 418 
1356 280 
1356 418 
1357 280 
1357 418 
1358 280 
1358 418 
1359 501 
1359 71 
1363 163 162 941 
1363 163 764 941 
1365 1367 
1368 1040 
1369 1203 
1369 259 
1370 1171 
1370 942 
1373 659 
1374 325 
1379 
1380 69 67 68 
1381 1367 
1383 825 826 827 
1384 1274 
1386 825 826 827 
1387 1274 
1389 18 
1390 18 
1395 113 
1397 825 826 827 
1398 1274 
1399 57 
1400 169 
1401 1040 
1402 942 
1404 187 188 189 190 
1405 439 
1407 117 
1416 
1420 312 313 
1422 
1424 494 
1424 811 
1426 346 347 
1428 254 255 
1428 346 347 
1432 152 153 154 155 
1436 738 
1436 740 
1436 921 
1447 738 
1447 921 
1448 1303 
1451 
1456 738 
1456 921 
1458 730 
1460 1202 
1463 921 
1465 
1469 921 
1488 581 582 
1490 581 582 
1491 1367 
1493 163 162 941 
1493 163 764 941 
1496 1189 388 
1497 1189 388 
1498 894 
1499 206 
1501 1303 
1504 738 
1504 921 
1507 1084 
1507 923 
1508 1095 
1509 1163 1155 
1510 1163 1155 
1511 1163 1155 
1512 1162 
1519 
1522 336 333 334 
1528 1367 
1532 1116 
1533 535 
1533 564 
1534 535 
1534 564 
1535 535 
1535 564 
1536 535 
1536 564 
1537 535 
1537 564 
1538 535 
1538 564 
1539 535 
1539 564 
1540 535 
1540 564 
1545 535 
1545 564 
1546 535 
1546 564 
1547 1367 
1550 1194 1195 1196 
1550 475 476 477 
1552 1194 1195 1196 
1552 475 476 477 
1558 1014 
1559 737 
1560 1203 
1563 942 
1564 1333 1332 1331 1330 
1565 201 197 199 198 
1567 
1568 69 67 68 
1569 1367 
1571 
1573 
1574 69 67 68 
1575 1367 
1578 201 197 199 198 
1579 1367 
1580 200 
1581 
1582 69 67 68 
1583 1367 
1592 57 
1600 321 
1600 779 
1603 321 
1603 779 
1606 1002 
1607 1337 
1610 567 568 569 744 745 
1612 655 657 744 745 
1616 872 
1618 1055 
1620 1280 
1620 1286 
1620 213 
1624 163 162 941 
1624 163 764 941 
1625 351 
1627 1258 
1628 1032 1033 1030 1031 
1629 1032 1033 1030 1031 
1630 1032 1033 1030 1031 
1631 1032 1033 1030 1031 
1632 1032 1033 1030 1031 
1634 1116 
1636 351 
1638 1340 
1639 1120 
1643 866 
1643 963 
1644 262 
1651 630 629 628 744 745 
1653 955 
1655 1311 1309 1364 1310 
1655 648 649 647 
1657 916 
1658 1116 
1661 567 568 569 744 745 
1668 295 
1668 58 
1677 1016 
1677 1326 
1677 1337 
1677 1360 
1679 866 
1679 963 
1681 1202 
1681 955 
1683 648 649 647 
1685 567 568 569 744 745 
1685 746 375 744 745 
1685 746 511 744 745 
1687 916 
1689 284 283 282 
1694 487 
1697 919 
1700 227 226 225 224 
1702 1265 
1704 1113 
1708 1211 
1710 637 638 639 640 
1711 1274 
1711 563 
1713 1032 1033 1030 1031 
1715 1032 1033 1030 1031 
1717 680 
1718 866 
1718 963 
1720 1084 
1720 923 
1721 1259 
1726 1211 
1726 1367 
1729 
1729 1303 
1729 563 
1732 4 
1736 679 
1737 679 
1738 679 
1739 679 
1740 679 
1742 921 
1744 1028 
1745 312 313 
1746 291 292 293 294 
1748 1114 
1751 
1753 
1757 1367 
1757 311 
1759 1367 
1762 1367 
1764 126 
1769 730 
1770 730 
1774 674 
1775 1040 
1776 1203 
1779 718 716 715 717 
1781 50 
1784 1174 
1784 285 
1787 126 
1792 343 344 345 
1792 843 844 845 846 847 848 
1792 928 929 930 931 
1794 343 344 345 
1794 928 929 930 931 
1796 343 344 345 
1796 928 929 930 931 
1800 
1807 1326 
1809 1034 1035 1037 1039 1036 
1811 139 
1813 990 991 941 
1815 967 
1816 1119 
1821 740 
1821 921 
1822 129 130 131 
1822 336 333 334 
1824 325 
1826 241 240 239 
1826 241 240 239 1365 
1828 1142 
1828 419 
1828 432 994 1185 
1828 432 994 444 
1830 19 
1830 298 
1830 403 
1830 995 
1834 689 
1836 641 
1838 1048 
1838 1282 
1838 242 
1838 514 
1839 1048 
1839 1282 
1839 242 
1839 514 
1842 29 
1842 493 
1842 658 
1844 118 
1848 1034 1035 1037 1038 1036 
1848 1034 1035 1037 1039 1036 
1850 139 
1852 325 
1853 325 
1854 
1858 171 
1859 171 
1860 171 
1861 171 
1862 171 
1863 171 
1864 171 
1865 171 
1866 171 
1867 171 
1868 171 
1869 171 
1870 171 
1871 171 
1872 171 
1873 171 
1874 171 
1875 171 
1876 171 
1877 171 
1878 171 
1880 719 716 715 717 
1881 653 
1883 907 
1886 1200 
1888 1084 
1888 923 
1890 1055 
1893 1249 1248 1247 1250 
1894 1251 
1896 1249 1248 1247 1250 
1897 1251 
1899 1249 1248 1247 1250 
1900 1251 
1902 1249 1248 1247 1250 
1903 1251 
1905 1249 1248 1247 1250 
1907 746 511 744 745 
1908 1251 
1912 1055 
1914 1280 
1914 1286 
1916 
1923 1116 
1925 252 744 745 
1930 567 568 569 744 745 
1932 1011 
1932 218 
1932 36 
1932 65 
1933 1011 
1933 65 
1934 1011 
1934 218 
1934 36 
1934 65 
1935 217 
1935 296 
1935 597 
1935 971 
1936 217 
1936 296 
1936 597 
1936 971 
1937 217 
1937 296 
1937 597 
1937 971 
1938 217 
1938 296 
1938 597 
1938 971 
1939 217 
1939 296 
1939 597 
1939 971 
1940 643 
1940 726 
1940 971 
1941 643 
1941 726 
1941 971 
1942 643 
1942 726 
1942 971 
1943 643 
1943 726 
1943 971 
1946 1278 
1947 493 
1949 1367 
1951 88 89 87 
1952 
1953 
1957 88 89 87 
1961 
1962 1171 
1963 1318 
1966 163 162 941 
1966 163 764 941 
1967 
1968 
1969 
1970 
1971 
1972 
1973 
1974 
1975 1351 
1975 393 
1975 807 
1975 834 
1975 876 
1975 920 
1976 1351 
1976 393 
1976 807 
1976 834 
1976 876 
1976 920 
1977 1351 
1977 393 
1977 807 
1977 834 
1977 876 
1977 920 
1978 1351 
1978 393 
1978 807 
1978 834 
1978 876 
1978 920 
1980 100 
1981 1203 
1981 259 
1982 942 
1985 1082 744 745 
1989 737 
1991 266 267 268 
1991 749 751 750 1205 
1991 749 752 751 750 
1993 1011 366 
1993 366 791 
1993 65 366 
1994 1011 366 
1994 366 791 
1994 65 366 
1996 336 333 334 
2001 1367 
2006 
2008 697 698 699 700 701 702 703 704 705 706 707 708 709 
2009 697 698 699 700 701 702 703 704 705 706 707 708 709 
2010 697 698 699 700 701 702 703 704 705 706 707 708 709 
2021 389 
2023 7 
2024 298 
2024 403 
2035 1367 
2035 159 
2037 1040 
2038 1203 
2038 259 
2040 1171 
2041 1042 1043 1044 1045 1046 
2041 1318 
2045 258 
2049 
2051 1000 
2051 404 
2054 666 669 665 668 667 
2055 405 406 407 408 
2055 469 470 471 472 
2057 666 669 665 
2058 405 406 407 408 
2058 469 470 471 472 
2065 404 
2065 473 
2067 163 162 941 
2067 163 764 941 
2069 1367 
2070 1258 
2070 168 
2071 1258 
2071 168 
2072 1258 
2072 168 
2073 1258 
2073 168 
2074 1258 
2074 168 
2075 1258 
2075 168 
2076 1258 
2076 168 
2077 1258 
2077 168 
2078 1258 
2078 168 
2079 1258 
2079 168 
2080 1258 
2080 168 
2081 1258 
2081 168 
2082 348 
2084 1261 1262 1263 1264 
2085 1261 1262 1263 1264 
2088 1095 
2089 612 606 
2090 612 606 
2091 612 606 
2092 614 
2094 1367 
2125 730 
2127 730 
2132 719 716 715 717 
2137 1055 
2140 325 
2141 325 
2142 325 
2143 325 
2144 325 
2145 325 
2146 325 
2147 
2152 429 
2153 429 
2154 429 
2155 429 
2156 429 
2157 429 
2158 429 
2162 325 
2163 325 
2164 325 
2165 325 
2166 325 
2167 325 
2168 325 
2169 449 
2174 1061 
2175 1061 
2176 325 
2177 325 
2178 325 
2179 325 
2180 325 
2181 325 
2182 325 
2183 325 
2184 325 
2185 325 
2186 325 
2187 325 
2188 325 
2189 325 
2190 146 
2190 429 
2191 146 
2191 429 
2192 146 
2192 429 
2193 146 
2193 429 
2194 146 
2194 429 
2195 146 
2195 429 
2196 146 
2196 429 
2198 664 663 662 661 660 
2201 191 
2201 474 
2201 50 
2203 348 
2207 1047 
2207 926 
2211 1127 1126 1128 1129 
2212 1172 
2213 1172 
2214 1172 
2215 1172 
2216 1172 
2217 1172 
2218 1172 
2219 1172 
2220 1172 
2221 1172 
2222 1172 
2223 1172 
2224 1172 
2225 1172 
2226 1172 
2227 1172 
2228 1172 
2229 1172 
2230 1172 
2231 1172 
2232 1172 
2233 1172 
2234 1172 
2235 1172 
2236 1172 
2237 1172 
2238 1172 
2239 1172 
2240 1172 
2241 1172 
2242 1172 
2243 1172 
2244 1172 
2245 1172 
2246 1172 
2247 1172 
2248 1172 
2249 1172 
2250 1172 
2251 1172 
2252 1172 
2253 1172 
2256 989 
2257 
2262 360 
2270 798 
2272 135 
2273 1060 1059 1058 1057 1056 
2276 825 826 827 
2278 1274 
2280 360 
2288 1002 
2291 1258 
2292 1258 
2294 237 
2296 300 301 302 303 
2296 384 383 382 381 
2296 462 463 464 465 
2298 237 
2298 433 
2301 
2302 
2304 
2306 
2310 
2312 1258 
2317 163 162 941 
2317 163 764 941 
2321 1144 1146 1145 1143 
2321 1270 1271 1269 
2321 1311 1309 1364 1310 
2324 1200 
2340 744 745 835 837 836 
2342 749 752 751 750 
2346 868 
2346 958 
2348 952 
2350 592 
2351 749 752 751 750 
2352 1367 
2356 398 
2359 384 383 382 381 
2359 462 463 464 465 
2362 502 503 
2363 519 
2365 1280 
2365 1286 
2365 213 
2368 1055 
2370 1280 
2370 1286 
2373 
2378 1280 
2378 1286 
2378 213 
2379 1280 
2379 1286 
2379 213 
2382 1280 
2384 746 754 744 745 
2387 336 333 334 
2391 266 267 268 
2391 749 751 750 1205 
2391 749 752 751 750 
2397 950 
2399 1280 
2401 129 130 131 
2405 894 1285 
2406 1285 206 
2411 504 505 
2414 738 
2414 740 
2414 921 
2417 28 27 26 
2421 1034 1035 1037 1039 1036 
2422 1173 
2422 285 
2424 958 
2426 952 
2427 
2429 349 350 
2429 581 582 
2431 349 350 
2431 581 582 
2437 394 
2440 746 744 745 1317 
2442 1123 
2442 474 
2442 50 
2442 967 
2447 749 751 750 1205 
2447 749 752 751 750 
2450 730 
2451 730 
2454 163 162 941 
2454 163 764 941 
2455 266 267 268 
2456 449 
2457 1258 
2459 191 
2459 474 
2459 50 
2459 588 
2461 168 
2462 168 
2463 297 
2463 429 
2463 945 
2465 
2466 168 
2467 168 
2468 168 
2470 1366 690 
2476 352 
2476 780 
2481 1211 
2483 738 
2483 740 
2483 921 
2486 1034 1035 1037 1039 1036 
2488 139 
2488 829 828 
2493 1114 
2493 890 
2495 
2497 740 
2502 1074 1075 1076 
2504 1068 1069 1070 
2507 1246 
2508 1040 
2509 1203 
2509 259 
2512 942 
2514 576 578 577 
2535 881 
2536 881 
2537 881 
2538 881 
2539 881 
2540 881 
2541 881 
2542 881 
2543 881 
2544 881 
2545 881 
2546 881 
2547 881 
2548 881 
2551 1063 
2552 1063 
2553 1063 
2554 1063 
2560 158 
2560 386 
2573 355 
2581 339 
2581 81 
2582 339 
2582 81 
2583 339 
2583 81 
2584 339 
2584 81 
2585 339 
2585 81 
2586 339 
2586 81 
2587 339 
2587 81 
2588 339 
2588 81 
2589 339 
2589 81 
2590 339 
2590 81 
2591 339 
2591 81 
2592 339 
2592 81 
2594 120 
2597 120 
2598 1077 
2610 370 
2611 370 
2612 370 
2614 370 
2615 370 
2616 370 
2617 370 
2619 370 
2620 370 
2621 370 
2622 370 
2623 370 
2624 372 
2624 725 
2625 372 
2625 725 
2626 725 
2627 372 
2627 725 
2628 725 
2629 372 
2629 725 
2630 725 
2631 372 
2631 725 
2632 372 
2633 372 
2633 725 
2634 372 
2634 725 
2635 459 
2655 3 
2666 392 
2670 1327 
2671 73 
2681 839 
2681 975 
2685 881 371 
2686 881 371 
2687 881 371 
2688 881 371 
2689 881 371 
2690 881 371 
2691 881 371 
2692 881 371 
2693 881 371 
2694 
2695 1363 
2697 591 
2700 896 
2701 438 
2701 821 
2704 466 
2705 672 673 
2707 1183 
2707 675 
2707 729 
2708 1183 
2708 729 
2709 1183 
2709 729 
2710 1183 
2710 729 
2712 1183 
2712 729 
2714 1183 
2714 729 
2715 1183 
2715 729 
2717 1183 
2717 729 
2720 124 
2720 412 
2721 468 
2722 596 
2724 84 723 987 988 
2726 1260 
2730 380 
2732 1154 
2733 1224 
2734 878 
2735 1117 1118 
2735 34 35 
2737 570 
2737 712 
2737 957 
2739 1117 1118 
2739 34 35 
2741 753 
2742 1164 
2744 985 
2748 93 
2753 93 
2756 93 
2760 93 
2764 93 
2767 93 
2770 93 
2771 93 
2775 371 368 
2777 1222 
2778 1367 
2779 489 
2781 427 
2781 54 
2782 427 
2782 54 
2783 552 
2783 996 
2785 371 367 
2786 371 367 
2787 371 367 
2788 371 367 
2789 371 367 
2790 371 367 
2791 371 367 
2792 1041 
2792 808 
2796 1260 
2805 513 
2806 373 
2810 997 565 
2812 1115 
2815 165 
2817 165 
2818 165 
2820 55 
2822 1168 
2823 165 
2826 11 
2828 596 
2832 595 
2834 1012 
2834 940 
2836 164 
2837 853 
2840 385 
2842 385 
2843 1295 
2849 231 
2851 49 
2852 378 
2853 49 
2854 392 
2855 378 
2857 1092 
2858 378 
2859 913 
2860 937 
2861 937 
2862 937 
2864 937 
2865 937 
2866 937 
2868 937 
2875 1223 
2878 73 
2893 1239 
2896 182 
2898 183 
2903 53 248 249 
2913 485 
2915 134 
2915 43 
2918 441 
2920 1256 
2920 391 
2921 309 
2921 804 
2923 309 
2923 804 
2924 710 
2924 735 
2925 833 
2927 128 
2932 128 
2932 412 
2932 478 
2952 448 
2956 436 
2958 1080 
2963 1080 
2964 
2973 1267 
2974 1272 
2977 179 
2978 177 
2979 1268 
2980 561 
2980 91 
2980 932 
2980 936 
2982 1217 
2983 953 
2984 49 
2985 49 
2986 392 
2988 1017 
2989 1017 
2990 1017 
2991 1017 
2993 983 
2994 982 
2995 271 
3001 1179 
3006 1235 
3008 593 
3009 1323 
3009 332 
3009 793 
3009 95 
3010 1323 
3010 332 
3010 793 
3010 95 
3011 518 
3012 424 
3014 424 425 
3015 1367 
3018 273 
3021 21 
3022 1281 
3023 21 
3026 56 
3028 947 
3029 947 
3030 947 
3031 947 
3032 947 
3033 947 
3034 947 
3035 342 
3036 342 
3037 342 
3038 342 
3039 342 
3040 342 
3041 342 
3045 1217 
3047 143 
3057 24 
3059 
3060 
3061 
3065 1276 
3072 1225 
3073 968 
3075 583 
3080 1026 
3082 1296 
3084 290 
3084 556 
3085 230 
3086 1141 
3089 330 
3090 61 
3092 1319 1320 
3092 1320 
3094 1 
3094 1214 
3094 1244 
3099 810 
3101 810 
3103 810 
3105 810 
3108 328 
3110 580 
3111 1287 
3114 1051 365 
3115 551 
3117 495 
3119 1367 
3120 
3121 598 
3134 107 
3135 107 
3145 289 
3146 1188 
3146 1188 1187 
3147 1188 
3147 1188 1187 
3148 1306 
3151 1062 
3152 1062 
3159 272 
3162 672 673 
3165 1188 
3165 1188 1187 
3166 1188 
3166 1188 1187 
3167 289 
3191 1216 
3191 545 
3195 426 
3198 426 
3200 1367 
3202 109 
3202 181 
3202 888 
3204 13 14 
3205 157 
3207 1206 
3208 1206 
3209 1206 
3211 1206 
3212 1206 
3213 1206 
3214 1206 
3228 867 
3230 
3239 400 
3249 523 
3250 523 
3251 523 
3252 523 
3260 106 
3262 816 
3262 817 
3264 727 
3266 1252 
3268 799 800 801 803 
3271 210 211 212 209 
3293 
3327 
3328 
3329 
3330 859 
3332 276 277 
3333 1190 
3336 756 
3337 17 
3338 16 
3339 15 
3340 17 
3341 15 
3342 16 
3345 114 
3348 243 
3349 16 
3351 1184 
3353 1184 
3355 1184 
3357 861 
3359 1019 
3361 116 
3371 590 
3373 1122 
3373 935 
3376 875 
3378 743 
3378 748 
3386 512 
3386 935 
3387 185 
3393 11 
3393 223 
3393 654 
3395 626 
3396 644 
3397 324 
3400 324 
3406 390 
3408 513 
3409 165 
3412 1255 
3413 1255 
3414 1255 
3415 1255 
3416 1255 
3417 1255 
3418 1255 
3424 887 
3427 882 
3429 1170 
3431 79 
3432 79 
3433 79 
3435 79 
3436 79 
3437 79 
3439 79 
3448 1367 
3449 943 
3450 275 
3452 546 
3463 625 
3464 644 
3465 1121 
3466 1054 
3468 260 
3468 537 
3468 818 
3469 1361 
3492 1111 
3498 456 
3499 1149 
3500 1149 
3503 397 396 395 744 745 
3505 205 
3507 
3508 203 
3513 121 
3514 802 
3516 12 
3517 767 
3521 20 
3521 507 
3523 722 
3524 507 
3526 1212 
3531 693 
3532 256 
3534 946 
3537 946 
3538 338 
3540 338 
3543 
3545 364 
3551 143 
3553 802 
3556 970 
3559 1367 
3561 192 
3562 192 
3563 714 
3565 1009 
3566 534 
3577 91 
3577 936 
3578 1063 
3579 1063 
3595 148 
3599 10 
3601 676 
3602 316 317 318 
3602 497 498 499 500 
3603 316 317 318 
3607 
3608 45 
3608 579 
3609 1073 
3611 46 
3625 1151 
3625 150 
3630 1344 
3633 1285 1153 
3633 1285 813 
3635 495 
3636 1279 
3637 374 
3639 646 645 
3640 411 
3641 1345 
3641 1347 
3642 1109 
3642 684 
3644 77 
3646 147 
3647 1066 
3650 560 
3650 910 
3651 431 
3652 431 
3653 431 
3654 431 
3655 431 
3656 431 
3657 431 
3658 431 
3659 431 
3660 431 
3661 431 
3662 431 
3663 431 
3664 431 
3665 431 
3666 431 
3667 431 
3668 431 
3669 431 
3670 431 
3671 431 
3672 431 
3673 431 
3674 431 
3680 1184 
3680 728 
3681 1184 
3681 728 
3683 1184 
3683 728 
3684 1184 
3684 728 
3686 1184 
3686 728 
3687 1184 
3687 728 
3688 1184 
3688 728 
3689 1184 
3689 728 
3692 571 
3694 572 
3696 362 
3698 575 
3699 734 
3700 575 
3701 431 
3704 860 
3706 193 
3707 195 
3708 195 
3712 431 
3713 757 758 
3724 1218 
3724 287 
3725 286 
3726 141 
3727 141 
3728 141 
3729 141 
3730 141 
3731 141 
3732 141 
3733 160 
3734 160 
3735 160 
3736 160 
3737 160 
3738 160 
3739 160 
3740 160 
3741 160 
3742 160 
3764 857 858 
3765 1182 
3768 128 
3769 1367 
3830 908 
3831 558 
3831 633 
3831 908 
3833 1209 
3833 1312 
3833 911 
3834 873 
3835 874 
3836 849 
3836 871 
3839 166 
3846 335 
3848 335 
3850 335 
3854 335 
3856 335 
3858 
3859 
3860 
3861 
3862 1182 
3863 
3864 
3865 
3869 
3870 
3871 
3872 1342 
3873 1342 
3874 1342 
3885 1367 
3886 1367 
3887 1304 
3890 
3893 1266 769 770 771 772 773 774 775 776 777 778 
3893 1266 843 844 845 846 847 848 
3895 235 1208 
3895 895 1208 
3899 1182 
3899 857 858 
3900 1182 
3903 993 
3906 8 
3908 1182 
3908 337 
3908 857 858 
3909 1182 
3909 337 
3914 901 
3917 733 
3922 1288 1289 1290 1291 
3923 1288 1289 1290 1291 
3935 656 
3937 1003 
3938 1359 
3939 1004 
3942 409 
3943 
3949 1279 
3949 508 
3949 509 
3962 1131 
3969 1159 
3969 616 
3971 70 
3972 797 
3973 371 1254 
3974 371 1254 
3975 371 1254 
3976 371 1254 
3977 371 1254 
3978 371 1254 
3980 371 1254 
3991 1087 
3993 1020 
3993 681 682 683 
3994 681 682 683 
3995 681 682 683 
3998 286 
3999 1367 
4002 99 
4004 232 
4008 573 
4012 286 
4017 964 
4018 1341 
4019 1362 
4022 263 
4022 619 
4033 1277 
4036 1101 
4039 410 
4042 560 
4046 783 
4047 570 
4049 461 
4058 623 
4059 1112 
4059 863 
4060 622 
4061 763 
4062 1112 
4070 1130 
4074 436 
4075 435 
4080 437 
4081 434 
4083 1193 
4086 804 
4087 1111 
4091 1025 
4093 161 
4099 1018 
4099 1021 
4100 1018 
4100 1021 
4105 962 
4107 864 
4107 865 
4108 1022 
4110 1104 
4111 1100 
4112 1099 
4117 1024 
4118 1023 
4124 1191 
4124 434 
4126 234 
4129 627 
4130 98 
4131 831 
4132 1052 
4132 488 
4135 554 
4140 170 
4140 491 
4140 565 
4141 721 
4142 1228 
4145 980 981 
4148 401 
4150 739 
4152 173 
4157 1091 
4160 1217 
4162 960 
4163 178 
4164 1063 
4164 361 
4165 1063 
4165 361 
4167 898 897 899 53 
4169 925 1356 1357 
4170 925 1356 1357 
4171 925 1356 1357 
4173 1210 
4175 
4178 92 
4180 1064 1065 
4181 624 
4182 944 
4183 944 
4184 90 
4185 47 
4186 786 
4190 608 
4192 1027 
4192 1329 
4195 623 
4196 21 
4197 1029 
4198 1029 
4199 1029 
4200 1029 
4201 1029 
4203 148 
4204 1088 
4204 299 
4204 365 
4204 521 
4205 167 
4206 927 
4207 927 
4209 1049 
4210 539 
4213 917 
4215 428 
4219 650 
4221 1152 
4223 863 
4225 1367 
4226 
4227 891 
4228 59 
4228 96 
4231 954 
4232 954 
4240 
4253 1184 
4253 728 
4255 1184 
4255 728 
4257 1184 
4257 728 
4259 1184 
4259 728 
4261 1184 
4261 728 
4263 1184 
4263 728 
4265 1184 
4265 728 
4267 1184 
4267 728 
4271 458 
4279 1253 
4281 115 
4281 60 
4282 101 
4283 101 
4290 151 
4291 1103 
4292 1098 
4296 1094 
4298 1093 
4299 1105 
4300 1096 
4303 635 
4304 736 
4305 
4306 138 
4320 599 
4321 601 
4322 788 
4325 122 
4327 122 
4328 1167 
4332 634 
4332 747 
4345 125 
4351 64 
4354 121 
4358 174 
4359 1063 
4359 361 
4361 1063 
4361 361 
4363 1 
4363 1214 
4366 2 
4368 1240 
4370 600 
4375 884 885 886 
4376 672 673 
4377 59 
4377 96 
4382 
4383 796 795 
4384 1169 796 795 
4385 1169 796 795 
4386 794 795 
4387 795 
4388 794 795 
4393 387 
4394 202 
4395 696 
4396 204 
4398 1242 
4399 796 
4400 1328 
4401 1328 
4403 602 604 
4406 601 
4407 423 
4409 1148 
4410 9 
4413 1239 
4414 787 
4420 11 
4421 167 
4431 892 
4433 10 
4436 32 
4438 30 31 
4439 30 31 
4440 33 
4447 1151 
4450 1151 
4455 372 
4455 725 
4456 368 
4479 327 
4481 976 
4482 402 
4483 1078 
4483 1300 
4530 119 
4532 442 
4533 1217 
4534 
4536 95 
4538 461 
4541 
4543 870 
4550 642 
4551 447 
4551 642 
4554 1148 
4554 1257 
4555 221 
4556 520 
4558 1348 
4559 1348 
4564 216 
4565 215 
4571 83 
4581 1175 
4582 1175 
4583 1175 
4584 1175 
4585 1175 
4586 1175 
4587 1175 
4588 1175 
4589 1175 
4590 1175 
4591 1175 
4592 1175 
4593 1175 
4594 1175 
4595 1175 
4596 1175 
4597 1175 
4598 1175 
4599 1175 
4600 1175 
4601 1175 
4602 1175 
4603 1175 
4604 1175 
4605 1175 
4606 1175 
4607 1175 
4608 1175 
4609 1175 
4610 1175 
4611 1175 
4612 1175 
4613 1175 
4614 1175 
4615 1175 
4622 495 
4627 1283 
4627 85 
4631 1281 
4631 893 
4632 1198 
4633 103 104 105 
4633 1085 
4634 103 104 105 
4634 1085 
4637 1083 
4641 725 
4644 274 
4645 562 
4648 1241 
4648 924 
4650 161 
4652 621 
4655 510 
4659 1339 
4663 253 
4672 112 
4673 110 
4674 111 
4677 371 369 
4678 792 
4683 670 
4684 670 
4686 986 
4691 479 
4693 760 
4696 235 789 
4696 895 789 
4699 851 
4701 852 
4702 915 
4705 1367 
4706 1367 
4708 1062 1153 
4708 1062 813 
4708 1307 1153 
4708 1307 813 
4709 559 1153 
4709 559 813 
4715 1177 
4715 1243 
4717 636 
4733 341 
4735 797 
4741 54 
4743 140 
4744 140 
4745 140 
4746 140 
4747 140 
4750 1018 
4751 1018 
4752 1018 
4754 905 
4758 904 
4766 286 
4771 1338 
4773 796 278 
4775 1106 
4776 1097 
4779 1106 
4780 889 
4781 289 
4782 1188 
4782 1188 1187 
4783 63 
4795 
4806 6 
4807 288 
4808 278 279 
4809 354 
4809 495 
4814 73 
4818 186 
4823 186 
4825 1215 
4832 1367 
4838 363 
4872 1222 
4873 1236 
4873 742 
4875 379 
4878 379 
4879 379 
4886 819 
4887 
4889 938 
4890 938 
4891 938 
4893 
4894 547 
4896 1226 
4896 504 505 
4900 331 
4911 165 
4911 790 
4912 165 
4912 790 
4913 165 
4913 790 
4914 165 
4914 790 
4915 165 
4915 790 
4916 165 
4916 790 
4917 165 
4917 790 
4918 165 
4918 790 
4925 840 841 
4930 1350 
4930 220 
4932 
4935 
4938 557 
4940 220 
4941 594 
4942 48 
4943 805 
4944 805 
4955 850 
4956 850 
4957 711 
4957 850 
4958 1343 
4958 711 
4958 850 
4959 1343 
4959 850 
4960 711 
4960 850 
4961 850 
4962 1343 
4962 711 
4962 850 
4963 711 
4963 850 
4964 850 
4965 711 
4965 850 
4966 850 
4967 1293 
4967 1352 
4968 1352 
4969 1352 
4970 1293 
4970 222 
4972 1293 
4974 1293 
4979 918 
4980 918 
4981 45 
4981 862 
4982 45 
4982 862 
4983 553 
4983 684 
4983 862 
4984 553 
4984 862 
4985 579 
4985 862 
4986 862 
4987 684 
4987 862 
4988 862 
4989 918 
4990 74 
4991 74 
4994 998 999 
4999 610 
5000 611 
5001 609 
5002 
5005 571 
5010 319 320 
5010 319 320 812 
5010 319 956 
5014 102 
5014 1321 
5020 972 
5022 1348 
5025 81 
5026 370 
5027 368 
5029 322 
5030 676 
5037 1179 
5038 1367 
5040 
5041 229 
5042 430 
5043 
5044 900 
5051 123 
5054 1181 720 
5055 
5056 1180 
5057 81 
5058 370 
5059 725 
5064 238 
5064 922 
5069 1110 
5072 
5073 732 
5074 450 
5075 457 459 
5081 359 
5082 136 
5086 451 452 453 454 455 
5089 460 
5094 62 
5095 429 
5096 429 
5097 429 
5098 429 
5099 429 
5100 429 
5102 429 
5111 39 
5112 856 1088 
5112 856 299 
5112 856 365 
5112 856 521 
5113 856 1153 
5113 856 813 
5131 486 
5132 486 
5134 51 52 53 
5141 
5142 517 
5144 22 809 
5145 269 
5152 724 
5153 1204 
5154 1204 
5155 1204 
5155 544 
5158 1219 1220 
5158 319 320 
5158 319 320 812 
5158 319 956 
5161 969 
5163 902 
5165 1245 
5167 909 
5171 1007 
5173 270 
5175 236 
5175 832 
5177 1089 
5177 1353 
5177 261 
5179 146 
5179 429 
5180 146 
5180 429 
5181 146 
5181 429 
5183 146 
5183 429 
5184 146 
5184 429 
5185 146 
5185 429 
5187 146 
5187 429 
5198 589 
5200 589 
5202 589 
5205 589 
5207 589 
5209 589 
5212 589 
5239 1148 
5239 1257 
5239 328 
5241 541 542 
5270 620 
5271 
5272 1015 
5274 634 
5278 1230 
5279 356 
5283 235 446 
5283 895 446 
5289 310 
5290 785 
5290 850 
5292 957 
5293 1308 
5293 785 
5293 850 
5294 133 
5295 1108 
5296 1013 
5299 906 
5301 1221 
5306 1112 
5308 784 
5310 784 
5311 1346 
5312 1005 
5312 1346 
5313 1108 
5316 816 
5318 817 
5322 1186 
5324 1186 
5325 799 800 801 803 
5327 536 
5337 1238 
5339 782 
5340 423 
5343 605 
5344 766 
5346 605 
5354 806 
5356 603 
5359 359 
5363 86 
5366 399 
5369 323 
5370 1292 
5371 1292 
5372 1292 
5373 1292 
5374 1292 
5375 1292 
5376 1292 
5381 322 
5389 1349 
5390 814 
5391 814 
5392 814 
5393 814 
5394 814 
5395 814 
5396 814 
5401 713 
5403 713 
5403 759 
5406 1107 
5408 951 
5409 1347 
5410 1347 
5411 1347 
5411 741 
5412 1347 
5412 741 
5413 1347 
5413 741 
5414 1347 
5414 741 
5415 741 
5419 517 
5420 747 
5421 515 
5421 747 
5422 747 
5425 1176 
5425 158 
5425 269 
5430 525 
5430 574 
5433 1178 
5437 358 353 
5440 939 
5441 939 
5444 533 
5446 257 
5451 1273 
5452 
5453 286 
5457 8 
5458 524 
5459 144 
5462 1147 
5463 25 
5466 1079 
5466 1302 
5466 23 
5471 457 
5481 1102 
5482 830 
5484 1198 
5485 1199 
5486 1197 
5488 677 678 1153 
5488 677 678 813 
5489 1088 823 824 
5489 299 823 824 
5489 365 823 824 
5489 521 823 824 
5490 677 678 1153 
5490 677 678 813 
5491 1088 823 824 
5491 299 823 824 
5491 365 823 824 
5491 521 823 824 
5492 677 678 1153 
5492 677 678 813 
5493 1088 823 824 
5493 299 823 824 
5493 365 823 824 
5493 521 823 824 
5494 677 678 1153 
5494 677 678 813 
5495 1088 823 824 
5495 299 823 824 
5495 365 823 824 
5495 521 823 824 
5498 235 1208 1315 1314 
5498 235 1315 
5498 895 1208 1315 1314 
5498 895 1315 
5501 235 1208 1315 1314 
5501 235 1315 
5501 895 1208 1315 1314 
5501 895 1315 
5504 235 1208 1315 1314 
5504 235 1315 
5504 895 1208 1315 1314 
5504 895 1315 
5507 235 1208 1315 1314 
5507 235 1315 
5507 895 1208 1315 1314 
5507 895 1315 
5510 1008 
5510 1335 
5511 1272 
5511 903 
5516 219 
5517 531 530 529 527 528 
5518 1169 531 530 529 527 528 
5519 1169 531 530 529 527 528 
5520 532 531 530 529 
5522 531 530 529 
5523 532 531 530 529 
5525 94 
5527 549 
5528 854 855 
5543 363 
5549 838 
5550 527 528 
5553 765 
5554 996 
5559 1081 
5560 
5561 
5562 
5564 555 
5565 497 498 499 500 
5566 695 
5567 196 
5569 1086 
5570 731 
5571 1122 
5571 1358 
5571 566 
5571 869 
5573 315 
5574 315 
5576 127 
5576 651 
5577 548 
5578 550 
5582 694 
5585 1001 
5590 1001 
5592 533 
5592 992 
5593 1010 
5593 137 
5595 1213 
5611 552 
5613 496 
5614 496 
5616 56 
5617 1201 
5617 522 
5636 492 
5637 492 
5637 820 
5643 691 
5644 692 
5651 244 245 246 247 
5654 250 251 
5663 857 858 
5665 339 
5668 490 
5669 5 
5669 761 
5673 948 949 
5679 132 
5685 1160 
5686 1161 
5687 615 
5689 617 
5691 1158 
5691 618 
5692 386 
5694 326 
5705 631 632 
5705 965 966 
5707 75 
5708 804 
5710 539 
5710 768 1153 
5710 768 813 
5713 309 
5713 804 
5715 309 
5715 804 
5717 1090 
5718 1150 
5718 959 
5722 3 
5723 543 
5724 796 1233 1231 149 1354 
5731 762 
5731 912 
5732 762 
5732 912 
5734 316 317 318 
5734 497 498 499 500 
5735 316 317 318 
5736 411 
5737 1345 
5739 879 
5747 377 
5751 145 
5753 1234 
5760 1207 
5762 208 
5763 1153 314 
5763 314 813 
5764 1316 
5765 585 
5766 584 
5767 1053 
5771 1122 
5772 421 422 
5774 421 422 
5775 421 422 
5778 1006 
5780 175 
5780 961 
5783 1232 
5784 1257 
5784 328 
5785 516 
5786 
5789 80 
5792 37 
5797 1157 
5800 1156 
5805 371 82 
5806 973 
5809 1131 
5813 41 
5814 40 
5815 42 
5817 1229 
5819 78 
5820 297 
5820 429 
5820 945 
5829 265 
5830 613 
5831 687 
5832 607 
5835 685 
5841 264 
5842 172 
5847 38 
5853 44 
5854 687 
5855 1313 
5856 392 
5857 1313 
5859 324 
5859 76 
5863 688 
5864 686 
5867 1001 
5867 1165 
5868 1166 
5869 1237 
5872 781 
5874 357 
5876 180 
5879 
5882 11 
5882 223 
5882 654 
5884 626 
5889 184 
5892 1148 
5893 1322 
5907 1072 
5908 289 
5910 1301 
5911 884 885 886 
5913 96 
5914 11 
5916 1067 
5917 1067 
5919 1077 
5919 25 
5920 1066 
5920 25 
