1
2
3
5
6
7
8
9
10
11
13
14
22
24
25
26
27
29
30
36
37
44
47
48
54
55
56
57
64
65
66
67
68
69
70
71
72
73
74
76
80
81
82
83
84
86
87
94
95
96
98
99
100
103
106
108
109
110
111
116
117
118
120
125
127
129
133
135
136
139
144
148
151
152
154
155
156
157
160
163
164
166
167
168
169
171
173
174
175
176
177
178
181
182
183
184
185
186
187
189
190
191
193
194
197
198
199
200
202
203
204
206
212
213
214
216
217
218
219
220
221
222
224
225
226
228
229
230
231
232
244
245
246
247
248
249
250
251
252
253
254
255
256
257
259
260
261
263
264
265
270
271
272
273
274
276
277
283
284
285
286
287
289
296
301
302
303
304
305
306
307
313
314
315
316
317
318
320
322
323
324
325
326
328
329
331
332
333
335
336
340
341
342
344
345
346
347
349
350
353
354
356
357
358
359
361
365
366
369
370
371
373
374
375
376
378
379
381
385
386
388
389
392
393
394
395
396
398
399
401
402
404
416
417
418
420
421
422
423
424
425
426
427
428
429
432
433
434
436
437
441
444
449
450
453
454
455
459
460
461
462
464
466
468
471
472
473
474
475
477
481
482
484
493
494
495
496
497
498
499
500
505
506
508
510
511
512
516
519
520
521
522
523
524
525
528
529
530
531
532
534
535
536
537
538
542
547
548
549
550
551
554
556
557
560
563
564
565
567
572
573
575
578
580
581
599
601
611
612
621
622
628
629
631
632
633
634
635
636
641
642
643
644
645
648
650
655
657
659
660
661
663
664
666
667
668
669
670
671
672
673
676
677
678
679
680
682
684
685
686
687
688
689
690
691
692
693
694
695
696
697
698
700
701
702
704
705
709
711
712
713
714
716
718
719
721
723
724
725
726
727
728
729
732
733
735
736
738
739
740
741
742
743
745
746
747
748
749
750
752
753
754
755
756
757
758
761
762
763
764
765
766
768
769
770
771
773
774
776
780
781
782
783
784
785
786
787
788
789
790
791
792
793
794
795
796
806
807
808
809
810
811
812
813
814
815
816
817
818
819
820
822
823
824
825
826
827
828
829
830
831
832
834
835
836
837
838
839
840
841
842
843
844
845
846
847
848
852
853
854
855
856
857
859
860
861
862
863
865
866
867
869
870
871
872
875
876
877
878
879
880
881
883
885
886
887
888
890
892
893
894
896
897
898
899
900
901
902
903
904
913
914
915
916
917
918
919
920
921
922
923
924
927
928
930
931
932
933
934
935
936
937
938
939
941
942
946
947
948
950
951
954
956
958
959
960
961
963
964
965
966
967
968
970
971
972
973
974
975
977
980
981
982
990
991
992
993
994
995
996
997
998
999
1000
1001
1004
1005
1006
1008
1010
1011
1012
1013
1014
1015
1016
1018
1019
1020
1022
1023
1024
1025
1026
1027
1029
1030
1031
1032
1033
1034
1035
1036
1037
1040
1041
1042
1043
1044
1045
1047
1048
1049
1050
1051
1052
1053
1054
1055
1059
1060
1061
1062
1063
1064
1065
1066
1067
1068
1069
1070
1071
1072
1073
1074
1075
1076
1077
1078
1079
1080
1081
1082
1083
1084
1085
1086
1099
1102
1104
1105
1106
1109
1115
1121
1122
1123
1125
1129
1134
1137
1139
1140
1142
1144
1146
1148
1150
1152
1159
1160
1162
1164
1166
1169
1170
1171
1172
1173
1175
1176
1180
1182
1185
1186
1189
1191
1192
1193
1195
1203
1204
1205
1207
1210
1212
1213
1214
1215
1217
1220
1222
1228
1229
1231
1233
1235
1239
1241
1243
1244
1250
1253
1267
1270
1273
1284
1287
1291
1295
1298
1302
1303
1306
1313
1318
1320
1324
1336
1340
1345
1346
1347
1348
1349
1350
1351
1352
1353
1354
1355
1356
1357
1358
1359
1363
1365
1368
1369
1370
1373
1374
1379
1380
1381
1383
1384
1386
1387
1389
1390
1395
1397
1398
1399
1400
1401
1402
1404
1405
1407
1416
1420
1422
1424
1426
1428
1432
1436
1447
1448
1451
1456
1458
1460
1463
1465
1469
1488
1490
1491
1493
1496
1497
1498
1499
1501
1504
1507
1508
1509
1510
1511
1512
1519
1522
1528
1532
1533
1534
1535
1536
1537
1538
1539
1540
1545
1546
1547
1550
1552
1558
1559
1560
1563
1564
1565
1567
1568
1569
1571
1573
1574
1575
1578
1579
1580
1581
1582
1583
1592
1600
1603
1606
1607
1610
1612
1616
1618
1620
1624
1625
1627
1628
1629
1630
1631
1632
1634
1636
1638
1639
1643
1644
1651
1653
1655
1657
1658
1661
1668
1677
1679
1681
1683
1685
1687
1689
1694
1697
1700
1702
1704
1708
1710
1711
1713
1715
1717
1718
1720
1721
1726
1729
1732
1736
1737
1738
1739
1740
1742
1744
1745
1746
1748
1751
1753
1757
1759
1762
1764
1769
1770
1774
1775
1776
1779
1781
1784
1787
1792
1794
1796
1800
1807
1809
1811
1813
1815
1816
1821
1822
1824
1826
1828
1830
1834
1836
1838
1839
1842
1844
1848
1850
1852
1853
1854
1858
1859
1860
1861
1862
1863
1864
1865
1866
1867
1868
1869
1870
1871
1872
1873
1874
1875
1876
1877
1878
1880
1881
1883
1886
1888
1890
1893
1894
1896
1897
1899
1900
1902
1903
1905
1907
1908
1912
1914
1916
1923
1925
1930
1932
1933
1934
1935
1936
1937
1938
1939
1940
1941
1942
1943
1946
1947
1949
1951
1952
1953
1957
1961
1962
1963
1966
1967
1968
1969
1970
1971
1972
1973
1974
1975
1976
1977
1978
1980
1981
1982
1985
1989
1991
1993
1994
1996
2001
2006
2008
2009
2010
2021
2023
2024
2035
2037
2038
2040
2041
2045
2049
2051
2054
2055
2057
2058
2065
2067
2069
2070
2071
2072
2073
2074
2075
2076
2077
2078
2079
2080
2081
2082
2084
2085
2088
2089
2090
2091
2092
2094
2125
2127
2132
2137
2140
2141
2142
2143
2144
2145
2146
2147
2152
2153
2154
2155
2156
2157
2158
2162
2163
2164
2165
2166
2167
2168
2169
2174
2175
2176
2177
2178
2179
2180
2181
2182
2183
2184
2185
2186
2187
2188
2189
2190
2191
2192
2193
2194
2195
2196
2198
2201
2203
2207
2211
2212
2213
2214
2215
2216
2217
2218
2219
2220
2221
2222
2223
2224
2225
2226
2227
2228
2229
2230
2231
2232
2233
2234
2235
2236
2237
2238
2239
2240
2241
2242
2243
2244
2245
2246
2247
2248
2249
2250
2251
2252
2253
2256
2257
2262
2270
2272
2273
2276
2278
2280
2288
2291
2292
2294
2296
2298
2301
2302
2304
2306
2310
2312
2317
2321
2324
2340
2342
2346
2348
2350
2351
2352
2356
2359
2362
2363
2365
2368
2370
2373
2378
2379
2382
2384
2387
2391
2397
2399
2401
2405
2406
2411
2414
2417
2421
2422
2424
2426
2427
2429
2431
2437
2440
2442
2447
2450
2451
2454
2455
2456
2457
2459
2461
2462
2463
2465
2466
2467
2468
2470
2476
2481
2483
2486
2488
2493
2495
2497
2502
2504
2507
2508
2509
2512
2514
2535
2536
2537
2538
2539
2540
2541
2542
2543
2544
2545
2546
2547
2548
2551
2552
2553
2554
2560
2573
2581
2582
2583
2584
2585
2586
2587
2588
2589
2590
2591
2592
2594
2597
2598
2610
2611
2612
2614
2615
2616
2617
2619
2620
2621
2622
2623
2624
2625
2626
2627
2628
2629
2630
2631
2632
2633
2634
2635
2655
2666
2670
2671
2681
2685
2686
2687
2688
2689
2690
2691
2692
2693
2694
2695
2697
2700
2701
2704
2705
2707
2708
2709
2710
2712
2714
2715
2717
2720
2721
2722
2724
2726
2730
2732
2733
2734
2735
2737
2739
2741
2742
2744
2748
2753
2756
2760
2764
2767
2770
2771
2775
2777
2778
2779
2781
2782
2783
2785
2786
2787
2788
2789
2790
2791
2792
2796
2805
2806
2810
2812
2815
2817
2818
2820
2822
2823
2826
2828
2832
2834
2836
2837
2840
2842
2843
2849
2851
2852
2853
2854
2855
2857
2858
2859
2860
2861
2862
2864
2865
2866
2868
2875
2878
2893
2896
2898
2903
2913
2915
2918
2920
2921
2923
2924
2925
2927
2932
2952
2956
2958
2963
2964
2973
2974
2977
2978
2979
2980
2982
2983
2984
2985
2986
2988
2989
2990
2991
2993
2994
2995
3001
3006
3008
3009
3010
3011
3012
3014
3015
3018
3021
3022
3023
3026
3028
3029
3030
3031
3032
3033
3034
3035
3036
3037
3038
3039
3040
3041
3045
3047
3057
3059
3060
3061
3065
3072
3073
3075
3080
3082
3084
3085
3086
3089
3090
3092
3094
3099
3101
3103
3105
3108
3110
3111
3114
3115
3117
3119
3120
3121
3134
3135
3145
3146
3147
3148
3151
3152
3159
3162
3165
3166
3167
3191
3195
3198
3200
3202
3204
3205
3207
3208
3209
3211
3212
3213
3214
3228
3230
3239
3249
3250
3251
3252
3260
3262
3264
3266
3268
3271
3293
3327
3328
3329
3330
3332
3333
3336
3337
3338
3339
3340
3341
3342
3345
3348
3349
3351
3353
3355
3357
3359
3361
3371
3373
3376
3378
3386
3387
3393
3395
3396
3397
3400
3406
3408
3409
3412
3413
3414
3415
3416
3417
3418
3424
3427
3429
3431
3432
3433
3435
3436
3437
3439
3448
3449
3450
3452
3463
3464
3465
3466
3468
3469
3492
3498
3499
3500
3503
3505
3507
3508
3513
3514
3516
3517
3521
3523
3524
3526
3531
3532
3534
3537
3538
3540
3543
3545
3551
3553
3556
3559
3561
3562
3563
3565
3566
3577
3578
3579
3595
3599
3601
3602
3603
3607
3608
3609
3611
3625
3630
3633
3635
3636
3637
3639
3640
3641
3642
3644
3646
3647
3650
3651
3652
3653
3654
3655
3656
3657
3658
3659
3660
3661
3662
3663
3664
3665
3666
3667
3668
3669
3670
3671
3672
3673
3674
3680
3681
3683
3684
3686
3687
3688
3689
3692
3694
3696
3698
3699
3700
3701
3704
3706
3707
3708
3712
3713
3724
3725
3726
3727
3728
3729
3730
3731
3732
3733
3734
3735
3736
3737
3738
3739
3740
3741
3742
3764
3765
3768
3769
3830
3831
3833
3834
3835
3836
3839
3846
3848
3850
3854
3856
3858
3859
3860
3861
3862
3863
3864
3865
3869
3870
3871
3872
3873
3874
3885
3886
3887
3890
3893
3895
3899
3900
3903
3906
3908
3909
3914
3917
3922
3923
3935
3937
3938
3939
3942
3943
3949
3962
3969
3971
3972
3973
3974
3975
3976
3977
3978
3980
3991
3993
3994
3995
3998
3999
4002
4004
4008
4012
4017
4018
4019
4022
4033
4036
4039
4042
4046
4047
4049
4058
4059
4060
4061
4062
4070
4074
4075
4080
4081
4083
4086
4087
4091
4093
4099
4100
4105
4107
4108
4110
4111
4112
4117
4118
4124
4126
4129
4130
4131
4132
4135
4140
4141
4142
4145
4148
4150
4152
4157
4160
4162
4163
4164
4165
4167
4169
4170
4171
4173
4175
4178
4180
4181
4182
4183
4184
4185
4186
4190
4192
4195
4196
4197
4198
4199
4200
4201
4203
4204
4205
4206
4207
4209
4210
4213
4215
4219
4221
4223
4225
4226
4227
4228
4231
4232
4240
4253
4255
4257
4259
4261
4263
4265
4267
4271
4279
4281
4282
4283
4290
4291
4292
4296
4298
4299
4300
4303
4304
4305
4306
4320
4321
4322
4325
4327
4328
4332
4345
4351
4354
4358
4359
4361
4363
4366
4368
4370
4375
4376
4377
4382
4383
4384
4385
4386
4387
4388
4393
4394
4395
4396
4398
4399
4400
4401
4403
4406
4407
4409
4410
4413
4414
4420
4421
4431
4433
4436
4438
4439
4440
4447
4450
4455
4456
4479
4481
4482
4483
4530
4532
4533
4534
4536
4538
4541
4543
4550
4551
4554
4555
4556
4558
4559
4564
4565
4571
4581
4582
4583
4584
4585
4586
4587
4588
4589
4590
4591
4592
4593
4594
4595
4596
4597
4598
4599
4600
4601
4602
4603
4604
4605
4606
4607
4608
4609
4610
4611
4612
4613
4614
4615
4622
4627
4631
4632
4633
4634
4637
4641
4644
4645
4648
4650
4652
4655
4659
4663
4672
4673
4674
4677
4678
4683
4684
4686
4691
4693
4696
4699
4701
4702
4705
4706
4708
4709
4715
4717
4733
4735
4741
4743
4744
4745
4746
4747
4750
4751
4752
4754
4758
4766
4771
4773
4775
4776
4779
4780
4781
4782
4783
4795
4806
4807
4808
4809
4814
4818
4823
4825
4832
4838
4872
4873
4875
4878
4879
4886
4887
4889
4890
4891
4893
4894
4896
4900
4911
4912
4913
4914
4915
4916
4917
4918
4925
4930
4932
4935
4938
4940
4941
4942
4943
4944
4955
4956
4957
4958
4959
4960
4961
4962
4963
4964
4965
4966
4967
4968
4969
4970
4972
4974
4979
4980
4981
4982
4983
4984
4985
4986
4987
4988
4989
4990
4991
4994
4999
5000
5001
5002
5005
5010
5014
5020
5022
5025
5026
5027
5029
5030
5037
5038
5040
5041
5042
5043
5044
5051
5054
5055
5056
5057
5058
5059
5064
5069
5072
5073
5074
5075
5081
5082
5086
5089
5094
5095
5096
5097
5098
5099
5100
5102
5111
5112
5113
5131
5132
5134
5141
5142
5144
5145
5152
5153
5154
5155
5158
5161
5163
5165
5167
5171
5173
5175
5177
5179
5180
5181
5183
5184
5185
5187
5198
5200
5202
5205
5207
5209
5212
5239
5241
5270
5271
5272
5274
5278
5279
5283
5289
5290
5292
5293
5294
5295
5296
5299
5301
5306
5308
5310
5311
5312
5313
5316
5318
5322
5324
5325
5327
5337
5339
5340
5343
5344
5346
5354
5356
5359
5363
5366
5369
5370
5371
5372
5373
5374
5375
5376
5381
5389
5390
5391
5392
5393
5394
5395
5396
5401
5403
5406
5408
5409
5410
5411
5412
5413
5414
5415
5419
5420
5421
5422
5425
5430
5433
5437
5440
5441
5444
5446
5451
5452
5453
5457
5458
5459
5462
5463
5466
5471
5481
5482
5484
5485
5486
5488
5489
5490
5491
5492
5493
5494
5495
5498
5501
5504
5507
5510
5511
5516
5517
5518
5519
5520
5522
5523
5525
5527
5528
5543
5549
5550
5553
5554
5559
5560
5561
5562
5564
5565
5566
5567
5569
5570
5571
5573
5574
5576
5577
5578
5582
5585
5590
5592
5593
5595
5611
5613
5614
5616
5617
5636
5637
5643
5644
5651
5654
5663
5665
5668
5669
5673
5679
5685
5686
5687
5689
5691
5692
5694
5705
5707
5708
5710
5713
5715
5717
5718
5722
5723
5724
5731
5732
5734
5735
5736
5737
5739
5747
5751
5753
5760
5762
5763
5764
5765
5766
5767
5771
5772
5774
5775
5778
5780
5783
5784
5785
5786
5789
5792
5797
5800
5805
5806
5809
5813
5814
5815
5817
5819
5820
5829
5830
5831
5832
5835
5841
5842
5847
5853
5854
5855
5856
5857
5859
5863
5864
5867
5868
5869
5872
5874
5876
5879
5882
5884
5889
5892
5893
5907
5908
5910
5911
5913
5914
5916
5917
5919
5920
